            31.71747            5       7       9       8      10
                            36.00  108.00  180.00  252.00  324.00
                              C18     C12      C6     C30     C24
                            30.00   30.00   30.00   30.00   30.00
            37.37737           11      13      12      14      16
                            72.00  144.00  216.00  288.00  360.00
                              D12      D8     D4     D20      D16
                             60.0   60.00   60.00   60.00   60.00
            50.06504           15      17      19      21      23
                            22.84   49.16   94.84  121.16  166.84
                              B48     B35     B36     B23     B24
                            192.0   278.0  192.00  278.00  192.00
            50.06504           18      20      22      24      26
                           193.16  238.84  265.16  310.84  337.16
                              B11     B12     B59     B60     B47
                            278.0  192.00  278.00  192.00  278.00
            58.28253           25      27      28      30      32
                            72.00  144.00  216.00  288.00  360.00
                              C17     C11      C5     C29     C23
                            120.0   120.0   120.0   120.0   120.0
            69.82033           29      31      33      35      37
                            18.49   53.51   90.49  125.51  162.49
                              B43     B32     B31     B20     B19
                            120.0   350.0   120.0   350.0   120.0
            69.82033           34      36      38      40      42
                           197.51  234.49  269.51  306.49  341.51
                               B8      B7     B56     B55     B44
                            350.0   120.0   350.0   120.0   350.0
            79.18768           39      41      44      46      48
                            72.00  144.00  216.00  288.00  360.00
                              D11      D7      D3     D19     D15
                              0.0     0.0     0.0     0.0     0.0
            80.70960           43      45      47      50      52
                            36.00  108.00  180.00  252.00  324.00
                              B29     B17      B5     B53     B41
                             55.0    55.0    55.0    55.0    55.0
            90.00000           49      51      53      55      57
                            18.00   54.00   90.00  126.00  162.00
                              C15     C16      C9     C10      C3
                             62.0   358.0    62.0   358.0    62.0
            90.00000           54      56      58      60      62
                           198.00  234.00  270.00  306.00  342.00
                               C4     C27     C28     C21     C22
                            358.0    62.0   358.0    62.0   358.0
            99.29040           59      61      64      66      68
                            72.00  144.00  216.00  288.00  360.00
                              B33     B21      B9     B57     B45
                            235.0   235.0   235.0   235.0   235.0
           100.81232           63      65      67      70      72
                            36.00  108.00  180.00  252.00  324.00
                              D10      D6      D2     D18     D14
                            180.0   180.0   180.0   180.0   180.0
           110.17967           69      71      73      75      77
                            17.51   54.49   89.51  126.49  161.51
                              B30     B28     B18     B16      B6
                            300.0   170.0   300.0   170.0   300.0 
           110.17967           74      76      78      80      82
                           198.49  233.51  270.49  305.51  342.49
                               B4     B54     B52     B42     B40
                            170.0   300.0   170.0   300.0   170.0
           121.71747           79      81      83      84      86
                            36.00  108.00  180.00  252.00  324.00
                              C14      C8      C2     C26     C20
                            300.0   300.0   300.0   300.0   300.0
           129.93496           85      87      89      91      93
                            13.16   58.84   85.16  130.84  157.16
                              B27     B26     B15     B14      B3
                             12.0    98.0    12.0    98.0    12.0
           129.93496           88      90      92      94      96
                           202.84  229.16  274.84  301.16  346.84
                               B2     B51     B50     B39     B38
                             98.0    12.0    98.0    12.0    98.0
           142.62263           95      97      99      98     100
                            36.00  108.00  180.00  252.00  324.00
                               D9      D5      D1     D17     D13
                            240.0   240.0   240.0   240.0   240.0
           148.28253          101     103     102     104     106
                            72.00  144.00  216.00  288.00  360.00
                               C7      C1     C25     C19     C13
                            210.0   210.0   210.0   210.0   210.0
           162.72535          105     107     109     108     110
                            36.00  108.00  180.00  252.00  324.00
                              B25     B13      B1     B49     B37
                            235.0   235.0   235.0   235.0   235.0
